4887
9307
8895
8136
6292
10177
4077
8228

5533
7981
5396
4909
5657
7587
9651
1583
8058

5201
4782
5956
5327
2029
3455
6148
5468
2177
5352
5373
5442
4888

36630
9196

28629

9252
1098
9842
7347
3616
5157
8546

8031
7718
6690
7819
10921
12059
10334

3455
1687
3740
2666
6672
3264
4330
4673
5550
1754
4161
2764
6355

2711
3232
1429
2381
5990
4482
3091
2745
1886
5648
4776
2696
2846
4177
5781

6379
12826
3706
12650
5875
11396

10381
2204
5950
11465
11501
13306

4006
6635
5139
5290
4562
5558
2788
1242
5308
6704
6858
3751

3574
5601
4492
4795
2135
3295
6150
4786
6761
5098
6646
5839
1989

14468
13500
11544
2195
6282

1400
3519
6010
4063
4077
1583
2044
5089
3588
6061
1634
1358
2241
2351
6075

2658
5979
4727
4991
2198
4491
2206
2601
3637
1955
1618
5849
4662
2457
2479

7450
2813
1678
5678
6688
3338
3708
4898
4542
4800
3127
3338

2747
6148
6301
6097
6988
2280
4093
8031
4865
7293
1528

7851
3366
10761
12012

7487
1457
3109
7722
6730
1528
8678
5243
3434
7351

7661
2803
7796
7485
6268
7251
7346
8521
5165
8506

6788
10715
3520
6591
5738
7419

37041
22858

18343
19902
15427

13379
7285
11836
9418
9597

2796
3345
2704
5395
5386
2687
4133
1749
5117
3822
4244
6093
3108
2015
1322

3640
6611
5160
6176
4105
3796
4651
6634
3804
3308
3206
6686
3122

15465
12326
11646
3744
2857

2724
3037
3333
6247
9610
7087
2883
6291
6549

2860
4870
8726
4865
7283
6364
4892
8653
1937
1356

6900
4695
4167
6336
1515
3047
6735
4487
1255
3833
3786
1489
5117

8133
11386
1756
2859
7861
4284
9113

2766
8069
1212
2325
6421
7231
6566
1833
2677
3622
6814

7498
5282
7407
3241
5596
3862
7268

12142
3155
7969
6330
10030
